CMOS Dumper V0.1.:)
DSDT has RTC Length of 4. Dumped 256 Bytes.
--------------------------------------------------
  0  1  2  3  4  5  6  7  8  9  A  B  C  D  E  F  |
--------------------------------------------------
0|11 07 50 45 03 19 00 17 03 13 26 02 50 80 00 00 |
1|00 00 00 00 00 00 00 00 00 00 00 00 00 00 00 00 |
2|00 00 00 00 00 00 00 00 00 00 00 00 00 00 00 00 |
3|00 00 20 00 00 00 00 00 00 00 00 00 00 00 00 00 |
4|00 00 00 00 00 00 00 00 00 00 00 00 00 00 00 00 |
5|00 00 00 00 00 00 00 00 0f 89 00 00 00 00 00 00 |
6|00 00 00 00 00 00 00 00 00 00 00 00 00 00 00 00 |
7|00 00 00 00 00 00 00 00 00 00 00 00 00 00 00 00 |
8|00 00 00 00 00 00 00 00 00 00 00 00 00 00 00 00 |
9|00 00 00 00 00 00 00 00 00 00 00 00 00 00 00 00 |
a|00 00 00 00 00 00 00 00 00 00 00 00 00 00 00 00 |
b|00 00 00 00 00 00 00 00 00 00 00 00 00 00 00 00 |
c|00 00 00 00 00 00 00 00 00 00 00 00 00 00 00 00 |
d|00 00 00 00 00 00 00 00 00 00 00 00 00 00 00 00 |
e|00 00 00 00 00 00 00 00 00 00 00 00 00 00 00 00 |
f|00 00 00 00 00 00 00 00 00 00 00 00 00 00 00 00 |
--------------------------------------------------
By observtion of the CHANGED bytes from Sleep/Wake Cycles
You MAY get some idea as to why CMOS RESET bug exists!!!!
