CMOS Dumper V0.1.:)
DSDT has RTC Length of 4. Dumped 256 Bytes.
--------------------------------------------------
  0  1  2  3  4  5  6  7  8  9  A  B  C  D  E  F  |
--------------------------------------------------
0|40 55 49 57 09 10 06 09 03 13 26 02 50 80 e5 00 |
1|00 a1 26 da 0a 80 02 00 3c 40 60 f2 32 f1 f8 f6 |
2|60 60 f3 fe a6 eb 8a 63 70 13 60 60 1e ee 0e 8a |
3|00 3c 20 33 62 f4 55 74 92 db 8e a3 70 00 13 44 |
4|00 00 00 00 fe 00 00 00 00 00 00 00 00 00 00 00 |
5|00 00 00 00 00 00 01 54 33 bb 80 00 00 00 00 00 |
6|54 4f 4f 42 00 00 00 02 00 00 1f 02 00 00 00 00 |
7|00 00 00 00 00 00 00 00 00 00 00 00 43 4a 5f 48 |
8|00 00 00 00 00 00 00 00 00 00 00 00 00 00 00 00 |
9|00 00 00 00 00 00 00 00 00 00 00 00 00 00 00 00 |
a|00 00 00 00 00 00 00 00 00 00 00 00 00 00 00 00 |
b|00 00 00 00 00 00 00 00 00 00 00 00 00 00 00 00 |
c|00 00 00 00 00 00 00 00 00 00 00 00 00 00 00 00 |
d|00 00 00 00 00 00 00 00 00 00 00 00 00 00 00 00 |
e|00 00 00 00 00 00 00 00 00 00 00 00 00 00 00 00 |
f|00 00 00 00 00 00 00 00 00 00 00 00 00 00 00 00 |
--------------------------------------------------
By observtion of the CHANGED bytes from Sleep/Wake Cycles
You MAY get some idea as to why CMOS RESET bug exists!!!!
