CMOS Dumper V0.1.:)
DSDT has RTC Length of 4. Dumped 256 Bytes.
--------------------------------------------------
  0  1  2  3  4  5  6  7  8  9  A  B  C  D  E  F  |
--------------------------------------------------
0|43 36 04 39 17 13 01 18 03 13 26 02 50 80 83 be |
1|ca af d7 bf 1c e6 f7 59 db 1e ab 3f fb bb de 40 |
2|ae ff db be d9 7f cd 5b d9 a3 ff bf ef 3b d5 9a |
3|7f ee 20 7e df aa e7 f4 3c bf 56 f3 6f 00 e2 20 |
4|00 00 00 00 fe 00 00 00 00 00 00 00 00 00 00 00 |
5|00 00 00 00 00 00 00 73 21 43 80 00 04 00 00 00 |
6|54 4f 4f 42 00 00 00 02 00 00 1f 02 00 00 00 00 |
7|00 00 00 00 00 00 00 00 00 00 00 00 95 91 e8 8d |
8|00 00 00 00 00 00 00 00 00 00 00 00 00 00 00 00 |
9|00 00 00 00 00 00 00 00 00 00 00 00 00 00 00 00 |
a|00 00 00 00 00 00 00 00 00 00 00 00 00 00 00 00 |
b|00 00 00 00 00 00 00 00 00 00 00 00 00 00 00 00 |
c|00 00 00 00 00 00 00 00 00 00 00 00 00 00 00 00 |
d|00 00 00 00 00 00 00 00 00 00 00 00 00 00 00 00 |
e|00 00 00 00 00 00 00 00 00 00 00 00 00 00 00 00 |
f|00 00 00 00 00 00 00 00 00 00 00 00 00 00 00 00 |
--------------------------------------------------
By observtion of the CHANGED bytes from Sleep/Wake Cycles
You MAY get some idea as to why CMOS RESET bug exists!!!!
