CMOS Dumper V0.1.:)
DSDT has RTC Length of 4. Dumped 256 Bytes.
--------------------------------------------------
  0  1  2  3  4  5  6  7  8  9  A  B  C  D  E  F  |
--------------------------------------------------
0|41 35 21 52 07 20 03 27 02 13 26 02 70 80 ed 5f |
1|47 0f f6 67 bf bf 83 2f 7f 6f b4 4a 5f 7f 4a 77 |
2|86 fe c7 ff f7 2d 73 3f bf aa ea af 5f f2 44 fb |
3|ee f8 20 6b 74 d2 ab fb a9 7b c7 9e ee 00 74 6c |
4|00 00 00 00 fe 00 00 00 00 00 00 00 00 00 00 00 |
5|00 00 00 00 00 00 00 cc 0d f9 80 00 04 00 00 00 |
6|54 4f 4f 42 00 00 00 02 00 00 1f 02 00 00 00 00 |
7|00 00 00 00 00 00 00 00 00 00 00 00 30 59 fb bd |
8|00 00 00 00 00 00 00 00 00 00 00 00 00 00 00 00 |
9|00 00 00 00 00 00 00 00 00 00 00 00 00 00 00 00 |
a|00 00 00 00 00 00 00 00 00 00 00 00 00 00 00 00 |
b|00 00 00 00 00 00 00 00 00 00 00 00 00 00 00 00 |
c|00 00 00 00 00 00 00 00 00 00 00 00 00 00 40 af |
d|8c 4e 00 00 00 00 00 00 00 00 00 00 00 00 00 00 |
e|00 00 00 00 00 00 00 00 00 00 00 00 00 00 00 00 |
f|00 00 00 00 00 00 00 00 00 00 00 00 00 00 00 00 |
--------------------------------------------------
By observtion of the CHANGED bytes from Sleep/Wake Cycles
You MAY get some idea as to why CMOS RESET bug exists!!!!
