CMOS Dumper V0.1.:)
DSDT has RTC Length of 4. Dumped 256 Bytes.
--------------------------------------------------
  0  1  2  3  4  5  6  7  8  9  A  B  C  D  E  F  |
--------------------------------------------------
0|22 53 53 26 12 14 00 08 10 17 26 02 50 88 01 00 |
1|27 23 19 50 11 18 06 17 06 17 fb ff ff ff df ff |
2|fe ff ff ff ff ff ff ff ff ff ff ff ff ff 7f ff |
3|01 fe 20 ff ff ff ff ff f0 11 ff ff ff 00 10 20 |
4|00 00 00 00 fe 00 00 00 00 00 00 00 00 00 00 00 |
5|00 00 00 00 00 00 00 ff 32 f7 80 00 05 00 00 00 |
6|00 00 00 00 00 00 00 00 00 00 00 00 00 00 00 00 |
7|00 00 00 00 00 00 00 00 ff ff ff df fe ff fd ff |
8|00 00 00 00 00 00 00 00 00 00 00 00 00 00 00 00 |
9|00 00 00 00 00 00 00 00 00 00 00 00 00 00 00 00 |
a|00 00 00 00 00 00 00 00 00 00 00 00 00 00 00 00 |
b|00 00 00 00 00 00 00 00 00 00 00 00 00 00 00 00 |
c|00 00 00 00 00 00 00 00 00 00 00 00 00 00 00 00 |
d|00 00 00 00 00 00 00 00 00 00 00 00 00 00 00 00 |
e|00 00 00 00 00 00 00 00 00 00 00 00 00 00 00 00 |
f|00 00 00 00 00 00 00 00 00 00 00 00 00 00 00 00 |
--------------------------------------------------
By observtion of the CHANGED bytes from Sleep/Wake Cycles
You MAY get some idea as to why CMOS RESET bug exists!!!!
