CMOS Dumper V0.1.:)
DSDT has RTC Length of 4. Dumped 256 Bytes.
--------------------------------------------------
  0  1  2  3  4  5  6  7  8  9  A  B  C  D  E  F  |
--------------------------------------------------
0|24 49 05 19 18 20 06 16 03 13 26 02 50 80 bf fd |
1|e7 af c7 fc ff 73 ff ff ff ff bf 91 fe ff ff fd |
2|f8 ff ed 5c 79 7f bb b7 ff ff 7e e5 fd fd bf 7a |
3|f3 95 20 7f af f6 7a 77 7f 1d ff fd 5d 00 f6 32 |
4|00 00 00 00 fe 01 00 20 00 00 00 00 01 00 00 00 |
5|00 00 00 00 00 00 00 00 03 23 00 00 00 00 00 00 |
6|54 4f 4f 42 00 00 00 02 00 00 0b 00 00 00 00 00 |
7|00 00 00 00 00 00 00 00 00 00 00 00 37 18 01 20 |
8|00 00 00 00 00 00 00 00 00 00 00 00 00 00 00 00 |
9|00 00 00 00 00 00 00 00 00 00 00 00 00 00 00 00 |
a|00 00 00 00 00 00 00 00 00 00 00 00 00 00 00 00 |
b|00 00 00 00 00 00 00 00 00 00 00 00 00 00 00 00 |
c|00 00 00 00 00 00 00 00 00 00 00 00 00 00 00 00 |
d|00 00 00 00 00 00 00 00 00 00 00 00 00 00 00 00 |
e|00 00 00 00 00 00 00 00 00 00 00 00 00 00 00 00 |
f|00 00 00 00 00 00 00 00 00 00 00 00 00 00 00 00 |
--------------------------------------------------
By observtion of the CHANGED bytes from Sleep/Wake Cycles
You MAY get some idea as to why CMOS RESET bug exists!!!!
