CMOS Dumper V0.1.:)
DSDT has RTC Length of 4. Dumped 256 Bytes.
--------------------------------------------------
  0  1  2  3  4  5  6  7  8  9  A  B  C  D  E  F  |
--------------------------------------------------
0|55 23 20 11 10 20 04 19 11 15 26 02 50 80 2b 18 |
1|22 a7 19 fb 9a 50 2b ea 0a 9f aa 1b 6a 6e 92 db |
2|60 1f 1b 33 a6 cb 53 ff 4b bf 83 6a 86 b3 22 8b |
3|01 fe 20 b3 ea 8b b0 1e 16 6f a2 66 2a 00 09 0e |
4|00 00 00 00 fe 00 00 00 00 00 00 00 00 00 00 00 |
5|00 00 00 00 00 00 00 ae 19 c8 80 00 04 00 00 00 |
6|54 4f 4f 42 00 00 01 02 00 0e 00 00 00 00 00 00 |
7|00 00 00 00 00 00 00 00 00 00 00 00 90 76 82 ad |
8|00 00 00 00 00 00 00 00 00 00 00 00 00 00 00 00 |
9|00 00 00 00 00 00 00 00 00 00 00 00 00 00 00 00 |
a|00 00 00 00 00 00 00 00 00 00 00 00 00 00 00 00 |
b|00 00 00 00 00 00 00 00 00 00 00 00 00 00 00 00 |
c|00 00 00 00 00 00 00 00 00 00 00 00 00 00 00 00 |
d|00 00 00 00 00 00 00 00 00 00 00 00 00 00 00 00 |
e|00 00 00 00 00 00 00 00 00 00 00 00 00 00 00 00 |
f|00 00 00 00 00 00 00 00 00 00 00 00 00 00 00 00 |
--------------------------------------------------
By observtion of the CHANGED bytes from Sleep/Wake Cycles
You MAY get some idea as to why CMOS RESET bug exists!!!!
